Bucket: 5
Microsoft (WKM)
10/13/2021	294.910004	297.279999	293.48999	296.309998	295.1586	2.34163E7
10/14/2021	299.209991	303.269989	297.829987	302.75	301.573547	2.72629E7
10/15/2021	302.339996	304.450012	300.519989	304.209991	303.027863	2.53747E7
10/18/2021	303.570007	308.209991	302.690002	307.290009	306.095917	2.27293E7
10/19/2021	308.350006	309.299988	307.220001	308.230011	307.032288	1.76821E7
10/20/2021	309.209991	309.700012	306.109985	307.410004	306.215454	1.65371E7
10/21/2021	307.170013	311.019989	306.359985	310.76001	309.552429	1.69181E7
10/22/2021	310.399994	311.089996	307.799988	309.160004	307.958649	1.74493E7
10/25/2021	309.359985	309.399994	306.459991	308.130005	306.932678	1.75545E7
10/26/2021	311.0	312.399994	308.600006	310.109985	308.904938	2.81073E7
10/27/2021	316.0	326.100006	316.0	323.170013	321.914246	5.25887E7
10/28/2021	324.329987	324.869995	321.359985	324.350006	323.08963	2.62979E7
10/29/2021	324.130005	332.0	323.899994	331.619995	330.33136	3.47449E7
11/1/2021	331.359985	331.48999	326.369995	329.369995	328.090118	2.70732E7
11/2/2021	330.309998	333.450012	330.0	333.130005	331.83551	2.64871E7
11/3/2021	333.899994	334.899994	330.649994	334.0	332.702118	2.15001E7
11/4/2021	332.890015	336.540009	329.51001	336.440002	335.132629	2.39922E7
11/5/2021	338.51001	338.790009	334.420013	336.059998	334.75412	2.2564E7
11/8/2021	337.299988	337.649994	334.440002	336.98999	335.680511	2.0897E7
11/9/2021	337.109985	338.720001	334.529999	335.950012	334.644562	2.13074E7
11/10/2021	334.570007	334.630005	329.920013	330.799988	329.514557	2.55009E7
11/11/2021	331.25	333.769989	330.51001	332.429993	331.138214	1.68498E7
11/12/2021	333.920013	337.230011	333.790009	336.720001	335.41156	2.3822E7
11/15/2021	337.540009	337.880005	334.029999	336.070007	334.764099	1.6723E7
11/16/2021	335.679993	340.670013	335.51001	339.51001	338.190735	2.08868E7
11/17/2021	338.940002	342.190002	338.0	339.119995	338.420227	1.90534E7
11/18/2021	338.179993	342.450012	337.119995	341.269989	340.565796	2.24635E7
11/19/2021	342.640015	345.100006	342.200012	343.109985	342.402008	2.19634E7
11/22/2021	344.619995	349.670013	339.549988	339.829987	339.128754	3.10311E7
11/23/2021	337.049988	339.450012	333.559998	337.679993	336.983215	3.04276E7
10/13/2021	294.910004	297.279999	293.48999	296.309998	295.1586	2.34163E7
10/14/2021	299.209991	303.269989	297.829987	302.75	301.573547	2.72629E7
10/15/2021	302.339996	304.450012	300.519989	304.209991	303.027863	2.53747E7
10/18/2021	303.570007	308.209991	302.690002	307.290009	306.095917	2.27293E7
10/19/2021	308.350006	309.299988	307.220001	308.230011	307.032288	1.76821E7
10/20/2021	309.209991	309.700012	306.109985	307.410004	306.215454	1.65371E7
10/21/2021	307.170013	311.019989	306.359985	310.76001	309.552429	1.69181E7
10/22/2021	310.399994	311.089996	307.799988	309.160004	307.958649	1.74493E7
10/25/2021	309.359985	309.399994	306.459991	308.130005	306.932678	1.75545E7
10/26/2021	311.0	312.399994	308.600006	310.109985	308.904938	2.81073E7
10/27/2021	316.0	326.100006	316.0	323.170013	321.914246	5.25887E7
10/28/2021	324.329987	324.869995	321.359985	324.350006	323.08963	2.62979E7
10/29/2021	324.130005	332.0	323.899994	331.619995	330.33136	3.47449E7
11/1/2021	331.359985	331.48999	326.369995	329.369995	328.090118	2.70732E7
11/2/2021	330.309998	333.450012	330.0	333.130005	331.83551	2.64871E7
11/3/2021	333.899994	334.899994	330.649994	334.0	332.702118	2.15001E7
11/4/2021	332.890015	336.540009	329.51001	336.440002	335.132629	2.39922E7
11/5/2021	338.51001	338.790009	334.420013	336.059998	334.75412	2.2564E7
11/8/2021	337.299988	337.649994	334.440002	336.98999	335.680511	2.0897E7
11/9/2021	337.109985	338.720001	334.529999	335.950012	334.644562	2.13074E7
11/10/2021	334.570007	334.630005	329.920013	330.799988	329.514557	2.55009E7
11/11/2021	331.25	333.769989	330.51001	332.429993	331.138214	1.68498E7
11/12/2021	333.920013	337.230011	333.790009	336.720001	335.41156	2.3822E7
11/15/2021	337.540009	337.880005	334.029999	336.070007	334.764099	1.6723E7
11/16/2021	335.679993	340.670013	335.51001	339.51001	338.190735	2.08868E7
11/17/2021	338.940002	342.190002	338.0	339.119995	338.420227	1.90534E7
11/18/2021	338.179993	342.450012	337.119995	341.269989	340.565796	2.24635E7
11/19/2021	342.640015	345.100006	342.200012	343.109985	342.402008	2.19634E7
11/22/2021	344.619995	349.670013	339.549988	339.829987	339.128754	3.10311E7
11/23/2021	337.049988	339.450012	333.559998	337.679993	336.983215	3.04276E7



Bucket: 41
Microsoft (WKM)
11/24/2021	336.279999	338.160004	333.910004	337.910004	337.212738	2.16613E7
11/26/2021	334.350006	337.929993	328.119995	329.679993	328.999725	2.42172E7
11/29/2021	334.940002	339.029999	334.73999	336.630005	335.935394	2.85635E7
11/30/2021	335.320007	337.779999	328.98999	330.589996	329.907837	4.28856E7
12/1/2021	335.130005	339.279999	329.390015	330.079987	329.398895	3.33376E7
12/2/2021	330.299988	333.48999	327.799988	329.48999	328.810089	3.0766E7
12/3/2021	331.98999	332.700012	318.029999	323.01001	322.343506	4.17559E7
12/6/2021	323.950012	327.450012	319.230011	326.190002	325.516937	3.00326E7
12/7/2021	331.640015	335.799988	330.100006	334.920013	334.228912	3.10219E7
12/8/2021	335.309998	335.5	330.799988	334.970001	334.278809	2.4761E7
12/9/2021	334.410004	336.48999	332.119995	333.100006	332.412659	2.22142E7
12/10/2021	334.980011	343.0	334.790009	342.540009	341.833191	3.80773E7
12/13/2021	340.679993	343.790009	339.079987	339.399994	338.699646	2.88994E7
12/14/2021	333.220001	334.640015	324.109985	328.339996	327.662476	4.44387E7
12/15/2021	328.609985	335.190002	324.5	334.649994	333.959473	3.53811E7
12/16/2021	335.709991	336.76001	323.019989	324.899994	324.229584	3.50348E7
12/17/2021	320.880005	324.920013	317.25	323.799988	323.131836	4.77503E7
12/20/2021	320.049988	322.799988	317.570007	319.910004	319.249878	2.83265E7
12/21/2021	323.290009	327.730011	319.799988	327.290009	326.614655	2.47406E7
12/22/2021	328.299988	333.609985	325.75	333.200012	332.512482	2.48315E7
12/23/2021	332.75	336.390015	332.730011	334.690002	333.99939	1.96178E7
12/27/2021	335.459991	342.480011	335.429993	342.450012	341.743378	1.9947E7
12/28/2021	343.149994	343.809998	340.320007	341.25	340.545837	1.56615E7
12/29/2021	341.299988	344.299988	339.679993	341.950012	341.244415	1.5042E7
12/30/2021	341.910004	343.130005	338.820007	339.320007	338.619843	1.59945E7
12/31/2021	338.51001	339.359985	335.850006	336.320007	335.626038	1.80008E7
1/3/2022	335.350006	338.0	329.779999	334.75	334.059265	2.88651E7
1/4/2022	334.829987	335.200012	326.119995	329.01001	328.331116	3.26743E7
1/5/2022	325.859985	326.070007	315.980011	316.380005	315.727173	4.00543E7
1/6/2022	313.149994	318.700012	311.48999	313.880005	313.23233	3.96461E7
11/24/2021	336.279999	338.160004	333.910004	337.910004	337.212738	2.16613E7
11/26/2021	334.350006	337.929993	328.119995	329.679993	328.999725	2.42172E7
11/29/2021	334.940002	339.029999	334.73999	336.630005	335.935394	2.85635E7
11/30/2021	335.320007	337.779999	328.98999	330.589996	329.907837	4.28856E7
12/1/2021	335.130005	339.279999	329.390015	330.079987	329.398895	3.33376E7
12/2/2021	330.299988	333.48999	327.799988	329.48999	328.810089	3.0766E7
12/3/2021	331.98999	332.700012	318.029999	323.01001	322.343506	4.17559E7
12/6/2021	323.950012	327.450012	319.230011	326.190002	325.516937	3.00326E7
12/7/2021	331.640015	335.799988	330.100006	334.920013	334.228912	3.10219E7
12/8/2021	335.309998	335.5	330.799988	334.970001	334.278809	2.4761E7
12/9/2021	334.410004	336.48999	332.119995	333.100006	332.412659	2.22142E7
12/10/2021	334.980011	343.0	334.790009	342.540009	341.833191	3.80773E7
12/13/2021	340.679993	343.790009	339.079987	339.399994	338.699646	2.88994E7
12/14/2021	333.220001	334.640015	324.109985	328.339996	327.662476	4.44387E7
12/15/2021	328.609985	335.190002	324.5	334.649994	333.959473	3.53811E7
12/16/2021	335.709991	336.76001	323.019989	324.899994	324.229584	3.50348E7
12/17/2021	320.880005	324.920013	317.25	323.799988	323.131836	4.77503E7
12/20/2021	320.049988	322.799988	317.570007	319.910004	319.249878	2.83265E7
12/21/2021	323.290009	327.730011	319.799988	327.290009	326.614655	2.47406E7
12/22/2021	328.299988	333.609985	325.75	333.200012	332.512482	2.48315E7
12/23/2021	332.75	336.390015	332.730011	334.690002	333.99939	1.96178E7
12/27/2021	335.459991	342.480011	335.429993	342.450012	341.743378	1.9947E7
12/28/2021	343.149994	343.809998	340.320007	341.25	340.545837	1.56615E7
12/29/2021	341.299988	344.299988	339.679993	341.950012	341.244415	1.5042E7
12/30/2021	341.910004	343.130005	338.820007	339.320007	338.619843	1.59945E7
12/31/2021	338.51001	339.359985	335.850006	336.320007	335.626038	1.80008E7
1/3/2022	335.350006	338.0	329.779999	334.75	334.059265	2.88651E7
1/4/2022	334.829987	335.200012	326.119995	329.01001	328.331116	3.26743E7
1/5/2022	325.859985	326.070007	315.980011	316.380005	315.727173	4.00543E7
1/6/2022	313.149994	318.700012	311.48999	313.880005	313.23233	3.96461E7



Bucket: 90
Microsoft (WKM)
1/7/2022	314.149994	316.5	310.089996	314.040009	313.391998	3.2674E7
1/10/2022	309.48999	314.720001	304.690002	314.269989	313.621521	4.42895E7
1/11/2022	313.380005	316.609985	309.890015	314.980011	314.330078	2.93868E7
1/12/2022	319.670013	323.410004	317.079987	318.269989	317.613251	3.43722E7
1/13/2022	320.470001	320.880005	304.0	304.799988	304.171051	4.5366E7
1/14/2022	304.25	310.820007	303.75	310.200012	309.559937	3.98235E7
1/18/2022	304.070007	309.799988	301.73999	302.649994	302.025482	4.23332E7
1/19/2022	306.290009	313.910004	302.700012	303.329987	302.704071	4.59339E7
1/20/2022	309.070007	311.649994	301.140015	301.600006	300.977661	3.53807E7
1/21/2022	302.690002	304.109985	295.609985	296.029999	295.419159	5.79844E7
1/24/2022	292.200012	297.109985	276.049988	296.369995	295.758453	8.57315E7
1/25/2022	291.519989	294.98999	285.170013	288.48999	287.894714	7.28486E7
1/26/2022	307.98999	308.5	293.029999	296.709991	296.097748	9.04289E7
1/27/2022	302.660004	307.299988	297.929993	299.839996	299.221283	5.34813E7
1/28/2022	300.230011	308.480011	294.450012	308.26001	307.623932	4.97437E7
1/31/2022	308.950012	312.380005	306.369995	310.980011	310.338318	4.64445E7
2/1/2022	310.410004	310.630005	305.130005	308.76001	308.122894	4.09504E7
2/2/2022	309.630005	315.119995	308.880005	313.459991	312.813171	3.6636E7
2/3/2022	309.48999	311.230011	299.959991	301.25	300.628387	4.373E7
2/4/2022	300.209991	308.799988	299.970001	305.940002	305.308716	3.50703E7
2/7/2022	306.170013	307.839996	299.899994	300.950012	300.32901	2.85333E7
2/8/2022	301.25	305.559998	299.950012	304.559998	303.931549	3.24212E7
2/9/2022	309.869995	311.929993	307.390015	311.209991	310.56781	3.12847E7
2/10/2022	304.040009	309.119995	300.700012	302.380005	301.756073	4.53862E7
2/11/2022	303.190002	304.290009	294.220001	295.040009	294.431213	3.91439E7
2/14/2022	293.769989	296.76001	291.350006	295.0	294.391296	3.63595E7
2/15/2022	300.01001	300.799988	297.019989	300.470001	299.850006	2.70583E7
2/16/2022	298.369995	300.869995	293.679993	299.5	299.5	2.99821E7
2/17/2022	296.359985	296.799988	290.0	290.730011	290.730011	3.24616E7
2/18/2022	293.049988	293.859985	286.309998	287.929993	287.929993	3.4264E7
1/7/2022	314.149994	316.5	310.089996	314.040009	313.391998	3.2674E7
1/10/2022	309.48999	314.720001	304.690002	314.269989	313.621521	4.42895E7
1/11/2022	313.380005	316.609985	309.890015	314.980011	314.330078	2.93868E7
1/12/2022	319.670013	323.410004	317.079987	318.269989	317.613251	3.43722E7
1/13/2022	320.470001	320.880005	304.0	304.799988	304.171051	4.5366E7
1/14/2022	304.25	310.820007	303.75	310.200012	309.559937	3.98235E7
1/18/2022	304.070007	309.799988	301.73999	302.649994	302.025482	4.23332E7
1/19/2022	306.290009	313.910004	302.700012	303.329987	302.704071	4.59339E7
1/20/2022	309.070007	311.649994	301.140015	301.600006	300.977661	3.53807E7
1/21/2022	302.690002	304.109985	295.609985	296.029999	295.419159	5.79844E7
1/24/2022	292.200012	297.109985	276.049988	296.369995	295.758453	8.57315E7
1/25/2022	291.519989	294.98999	285.170013	288.48999	287.894714	7.28486E7
1/26/2022	307.98999	308.5	293.029999	296.709991	296.097748	9.04289E7
1/27/2022	302.660004	307.299988	297.929993	299.839996	299.221283	5.34813E7
1/28/2022	300.230011	308.480011	294.450012	308.26001	307.623932	4.97437E7
1/31/2022	308.950012	312.380005	306.369995	310.980011	310.338318	4.64445E7
2/1/2022	310.410004	310.630005	305.130005	308.76001	308.122894	4.09504E7
2/2/2022	309.630005	315.119995	308.880005	313.459991	312.813171	3.6636E7
2/3/2022	309.48999	311.230011	299.959991	301.25	300.628387	4.373E7
2/4/2022	300.209991	308.799988	299.970001	305.940002	305.308716	3.50703E7
2/7/2022	306.170013	307.839996	299.899994	300.950012	300.32901	2.85333E7
2/8/2022	301.25	305.559998	299.950012	304.559998	303.931549	3.24212E7
2/9/2022	309.869995	311.929993	307.390015	311.209991	310.56781	3.12847E7
2/10/2022	304.040009	309.119995	300.700012	302.380005	301.756073	4.53862E7
2/11/2022	303.190002	304.290009	294.220001	295.040009	294.431213	3.91439E7
2/14/2022	293.769989	296.76001	291.350006	295.0	294.391296	3.63595E7
2/15/2022	300.01001	300.799988	297.019989	300.470001	299.850006	2.70583E7
2/16/2022	298.369995	300.869995	293.679993	299.5	299.5	2.99821E7
2/17/2022	296.359985	296.799988	290.0	290.730011	290.730011	3.24616E7
2/18/2022	293.049988	293.859985	286.309998	287.929993	287.929993	3.4264E7



Bucket: 950
Microsoft (WKM)
3/11/2021	234.960007	239.169998	234.309998	237.130005	235.214081	2.99076E7
3/12/2021	234.009995	235.820007	233.229996	235.75	233.845245	2.26537E7
3/15/2021	234.960007	235.190002	231.809998	234.809998	232.912827	2.60349E7
3/16/2021	236.279999	240.059998	235.940002	237.710007	235.789398	2.80922E7
3/17/2021	236.149994	238.550003	233.229996	237.039993	235.124786	2.95621E7
3/18/2021	232.559998	234.190002	230.330002	230.720001	228.855881	3.4833E7
3/19/2021	231.020004	232.470001	229.350006	230.350006	228.488861	4.64307E7
3/22/2021	230.270004	236.899994	230.139999	235.990005	234.083298	3.0127E7
3/23/2021	237.490005	241.050003	237.070007	237.580002	235.660446	3.16384E7
3/24/2021	237.850006	238.0	235.320007	235.460007	233.557587	2.56201E7
3/25/2021	235.300003	236.940002	231.570007	232.339996	230.462784	3.40619E7
3/26/2021	231.550003	236.710007	231.550003	236.479996	234.569305	2.54799E7
3/29/2021	236.589996	236.800003	231.880005	235.240005	233.339355	2.52275E7
3/30/2021	233.529999	233.850006	231.100006	231.850006	229.976746	2.4792E7
3/31/2021	232.910004	239.100006	232.389999	235.770004	233.865067	4.36235E7
4/1/2021	238.470001	242.839996	238.050003	242.350006	240.391907	3.0338E7
4/5/2021	242.759995	249.960007	242.699997	249.070007	247.057617	3.69106E7
4/6/2021	247.610001	249.399994	246.880005	247.860001	245.857391	2.29319E7
4/7/2021	247.809998	250.929993	247.190002	249.899994	247.880905	2.27198E7
4/8/2021	252.770004	254.139999	252.0	253.25	251.203827	2.36252E7
4/9/2021	252.869995	255.990005	252.440002	255.850006	253.782837	2.43268E7
4/12/2021	254.710007	257.670013	254.619995	255.910004	253.842361	2.71487E7
4/13/2021	257.26001	259.190002	256.829987	258.48999	256.401489	2.38375E7
4/14/2021	257.480011	258.829987	255.160004	255.589996	253.524933	2.30709E7
4/15/2021	257.929993	259.929993	257.730011	259.5	257.403351	2.56275E7
4/16/2021	259.470001	261.0	257.600006	260.73999	258.633301	2.48786E7
4/19/2021	260.190002	261.480011	257.820007	258.73999	256.649506	2.32093E7
4/20/2021	257.820007	260.200012	256.839996	258.26001	256.173401	1.97229E7
4/21/2021	258.940002	260.679993	257.25	260.579987	258.474609	2.40304E7
4/22/2021	260.209991	261.779999	255.639999	257.170013	255.092178	2.56062E7
3/11/2021	234.960007	239.169998	234.309998	237.130005	235.214081	2.99076E7
3/12/2021	234.009995	235.820007	233.229996	235.75	233.845245	2.26537E7
3/15/2021	234.960007	235.190002	231.809998	234.809998	232.912827	2.60349E7
3/16/2021	236.279999	240.059998	235.940002	237.710007	235.789398	2.80922E7
3/17/2021	236.149994	238.550003	233.229996	237.039993	235.124786	2.95621E7
3/18/2021	232.559998	234.190002	230.330002	230.720001	228.855881	3.4833E7
3/19/2021	231.020004	232.470001	229.350006	230.350006	228.488861	4.64307E7
3/22/2021	230.270004	236.899994	230.139999	235.990005	234.083298	3.0127E7
3/23/2021	237.490005	241.050003	237.070007	237.580002	235.660446	3.16384E7
3/24/2021	237.850006	238.0	235.320007	235.460007	233.557587	2.56201E7
3/25/2021	235.300003	236.940002	231.570007	232.339996	230.462784	3.40619E7
3/26/2021	231.550003	236.710007	231.550003	236.479996	234.569305	2.54799E7
3/29/2021	236.589996	236.800003	231.880005	235.240005	233.339355	2.52275E7
3/30/2021	233.529999	233.850006	231.100006	231.850006	229.976746	2.4792E7
3/31/2021	232.910004	239.100006	232.389999	235.770004	233.865067	4.36235E7
4/1/2021	238.470001	242.839996	238.050003	242.350006	240.391907	3.0338E7
4/5/2021	242.759995	249.960007	242.699997	249.070007	247.057617	3.69106E7
4/6/2021	247.610001	249.399994	246.880005	247.860001	245.857391	2.29319E7
4/7/2021	247.809998	250.929993	247.190002	249.899994	247.880905	2.27198E7
4/8/2021	252.770004	254.139999	252.0	253.25	251.203827	2.36252E7
4/9/2021	252.869995	255.990005	252.440002	255.850006	253.782837	2.43268E7
4/12/2021	254.710007	257.670013	254.619995	255.910004	253.842361	2.71487E7
4/13/2021	257.26001	259.190002	256.829987	258.48999	256.401489	2.38375E7
4/14/2021	257.480011	258.829987	255.160004	255.589996	253.524933	2.30709E7
4/15/2021	257.929993	259.929993	257.730011	259.5	257.403351	2.56275E7
4/16/2021	259.470001	261.0	257.600006	260.73999	258.633301	2.48786E7
4/19/2021	260.190002	261.480011	257.820007	258.73999	256.649506	2.32093E7
4/20/2021	257.820007	260.200012	256.839996	258.26001	256.173401	1.97229E7
4/21/2021	258.940002	260.679993	257.25	260.579987	258.474609	2.40304E7
4/22/2021	260.209991	261.779999	255.639999	257.170013	255.092178	2.56062E7



Bucket: 951
Microsoft (WKM)
4/23/2021	257.880005	261.51001	257.269989	261.149994	259.040009	2.14626E7
4/26/2021	261.660004	262.440002	260.170013	261.549988	259.436768	1.97633E7
4/27/2021	261.579987	263.190002	260.119995	261.970001	259.853424	3.10142E7
4/28/2021	256.079987	256.540009	252.949997	254.559998	252.50325	4.69031E7
4/29/2021	255.460007	256.100006	249.0	252.509995	250.469818	4.0589E7
4/30/2021	249.740005	253.080002	249.600006	252.179993	250.142471	3.09451E7
5/3/2021	253.399994	254.350006	251.119995	251.860001	249.825058	1.96266E7
5/4/2021	250.970001	251.210007	245.759995	247.789993	245.787949	3.27561E7
5/5/2021	249.059998	249.5	245.820007	246.470001	244.478638	2.19013E7
5/6/2021	246.449997	249.860001	244.690002	249.729996	247.71225	2.64911E7
5/7/2021	252.149994	254.300003	251.169998	252.460007	250.420242	2.70329E7
5/10/2021	250.869995	251.729996	247.119995	247.179993	245.182877	2.92999E7
5/11/2021	244.550003	246.600006	242.570007	246.229996	244.240555	3.36416E7
5/12/2021	242.169998	244.380005	238.070007	239.0	237.06897	3.66844E7
5/13/2021	241.800003	245.600006	241.419998	243.029999	241.066406	2.96243E7
5/14/2021	245.580002	249.179993	245.490005	248.149994	246.145035	2.39011E7
5/17/2021	246.550003	246.589996	243.520004	245.179993	243.199036	2.49702E7
5/18/2021	246.270004	246.410004	242.899994	243.080002	241.115997	2.0168E7
5/19/2021	239.309998	243.229996	238.600006	243.119995	241.712524	2.57398E7
5/20/2021	243.960007	247.949997	243.860001	246.479996	245.05307	2.18007E7
5/21/2021	247.570007	248.330002	244.740005	245.169998	243.750656	2.18631E7
5/24/2021	247.789993	251.160004	247.509995	250.779999	249.328201	2.14115E7
5/25/2021	251.770004	252.75	250.820007	251.720001	250.262756	1.77043E7
5/26/2021	251.429993	252.940002	250.75	251.490005	250.034088	1.77716E7
5/27/2021	251.169998	251.479996	249.25	249.309998	247.866714	2.44262E7
5/28/2021	251.0	252.080002	249.559998	249.679993	248.234558	1.82702E7
6/1/2021	251.229996	251.289993	246.960007	247.399994	245.967743	2.32133E7
6/2/2021	248.130005	249.270004	245.839996	247.300003	245.868332	1.94067E7
6/3/2021	245.220001	246.339996	243.0	245.710007	244.287567	2.53077E7
6/4/2021	247.759995	251.649994	247.509995	250.789993	249.338135	2.52811E7
4/23/2021	257.880005	261.51001	257.269989	261.149994	259.040009	2.14626E7
4/26/2021	261.660004	262.440002	260.170013	261.549988	259.436768	1.97633E7
4/27/2021	261.579987	263.190002	260.119995	261.970001	259.853424	3.10142E7
4/28/2021	256.079987	256.540009	252.949997	254.559998	252.50325	4.69031E7
4/29/2021	255.460007	256.100006	249.0	252.509995	250.469818	4.0589E7
4/30/2021	249.740005	253.080002	249.600006	252.179993	250.142471	3.09451E7
5/3/2021	253.399994	254.350006	251.119995	251.860001	249.825058	1.96266E7
5/4/2021	250.970001	251.210007	245.759995	247.789993	245.787949	3.27561E7
5/5/2021	249.059998	249.5	245.820007	246.470001	244.478638	2.19013E7
5/6/2021	246.449997	249.860001	244.690002	249.729996	247.71225	2.64911E7
5/7/2021	252.149994	254.300003	251.169998	252.460007	250.420242	2.70329E7
5/10/2021	250.869995	251.729996	247.119995	247.179993	245.182877	2.92999E7
5/11/2021	244.550003	246.600006	242.570007	246.229996	244.240555	3.36416E7
5/12/2021	242.169998	244.380005	238.070007	239.0	237.06897	3.66844E7
5/13/2021	241.800003	245.600006	241.419998	243.029999	241.066406	2.96243E7
5/14/2021	245.580002	249.179993	245.490005	248.149994	246.145035	2.39011E7
5/17/2021	246.550003	246.589996	243.520004	245.179993	243.199036	2.49702E7
5/18/2021	246.270004	246.410004	242.899994	243.080002	241.115997	2.0168E7
5/19/2021	239.309998	243.229996	238.600006	243.119995	241.712524	2.57398E7
5/20/2021	243.960007	247.949997	243.860001	246.479996	245.05307	2.18007E7
5/21/2021	247.570007	248.330002	244.740005	245.169998	243.750656	2.18631E7
5/24/2021	247.789993	251.160004	247.509995	250.779999	249.328201	2.14115E7
5/25/2021	251.770004	252.75	250.820007	251.720001	250.262756	1.77043E7
5/26/2021	251.429993	252.940002	250.75	251.490005	250.034088	1.77716E7
5/27/2021	251.169998	251.479996	249.25	249.309998	247.866714	2.44262E7
5/28/2021	251.0	252.080002	249.559998	249.679993	248.234558	1.82702E7
6/1/2021	251.229996	251.289993	246.960007	247.399994	245.967743	2.32133E7
6/2/2021	248.130005	249.270004	245.839996	247.300003	245.868332	1.94067E7
6/3/2021	245.220001	246.339996	243.0	245.710007	244.287567	2.53077E7
6/4/2021	247.759995	251.649994	247.509995	250.789993	249.338135	2.52811E7



Bucket: 955
Microsoft (WKM)
6/7/2021	249.979996	254.089996	249.809998	253.809998	252.340637	2.30792E7
6/8/2021	255.160004	256.01001	252.509995	252.570007	251.107834	2.2455E7
6/9/2021	253.809998	255.529999	253.210007	253.589996	252.121918	1.79376E7
6/10/2021	254.289993	257.459991	253.669998	257.23999	255.750778	2.45636E7
6/11/2021	257.98999	258.48999	256.609985	257.890015	256.397064	1.89997E7
6/14/2021	257.899994	259.950012	256.799988	259.890015	258.385468	1.91505E7
6/15/2021	259.769989	259.98999	257.679993	258.359985	256.864288	1.80389E7
6/16/2021	259.399994	260.579987	254.419998	257.380005	255.889984	2.722E7
6/17/2021	256.070007	261.75	256.01001	260.899994	259.389618	2.75655E7
6/18/2021	259.630005	262.299988	258.75	259.429993	257.928101	3.72022E7
6/21/2021	259.820007	263.519989	257.920013	262.630005	261.109589	2.66961E7
6/22/2021	262.720001	265.790009	262.399994	265.51001	263.972931	2.46941E7
6/23/2021	265.98999	266.829987	264.429993	265.269989	263.734283	1.95187E7
6/24/2021	266.160004	267.850006	265.470001	266.690002	265.146088	2.14469E7
6/25/2021	266.230011	267.25	264.76001	265.019989	263.485748	2.56111E7
6/28/2021	266.190002	268.899994	265.910004	268.720001	267.164337	1.959E7
6/29/2021	268.869995	271.649994	267.980011	271.399994	269.828796	1.99378E7
6/30/2021	270.690002	271.359985	269.600006	270.899994	269.331696	2.16565E7
7/1/2021	269.609985	271.839996	269.600006	271.600006	270.027649	1.67253E7
7/2/2021	272.820007	278.0	272.5	277.649994	276.042633	2.6458E7
7/6/2021	278.029999	279.369995	274.299988	277.660004	276.052582	3.15656E7
7/7/2021	279.399994	280.690002	277.149994	279.929993	278.309418	2.326E7
7/8/2021	276.899994	278.730011	274.869995	277.420013	275.813965	2.46186E7
7/9/2021	275.720001	278.049988	275.320007	277.940002	276.330963	2.39167E7
7/12/2021	279.160004	279.769989	276.579987	277.320007	275.714539	1.89317E7
7/13/2021	277.519989	282.850006	277.390015	280.980011	279.353363	2.61201E7
7/14/2021	282.350006	283.660004	280.549988	282.51001	280.874512	2.31137E7
7/15/2021	282.0	282.51001	279.829987	281.029999	279.403046	2.26042E7
7/16/2021	282.070007	284.100006	279.459991	280.75	279.124695	2.61868E7
7/19/2021	278.929993	280.369995	274.450012	277.01001	275.406372	3.29356E7
6/7/2021	249.979996	254.089996	249.809998	253.809998	252.340637	2.30792E7
6/8/2021	255.160004	256.01001	252.509995	252.570007	251.107834	2.2455E7
6/9/2021	253.809998	255.529999	253.210007	253.589996	252.121918	1.79376E7
6/10/2021	254.289993	257.459991	253.669998	257.23999	255.750778	2.45636E7
6/11/2021	257.98999	258.48999	256.609985	257.890015	256.397064	1.89997E7
6/14/2021	257.899994	259.950012	256.799988	259.890015	258.385468	1.91505E7
6/15/2021	259.769989	259.98999	257.679993	258.359985	256.864288	1.80389E7
6/16/2021	259.399994	260.579987	254.419998	257.380005	255.889984	2.722E7
6/17/2021	256.070007	261.75	256.01001	260.899994	259.389618	2.75655E7
6/18/2021	259.630005	262.299988	258.75	259.429993	257.928101	3.72022E7
6/21/2021	259.820007	263.519989	257.920013	262.630005	261.109589	2.66961E7
6/22/2021	262.720001	265.790009	262.399994	265.51001	263.972931	2.46941E7
6/23/2021	265.98999	266.829987	264.429993	265.269989	263.734283	1.95187E7
6/24/2021	266.160004	267.850006	265.470001	266.690002	265.146088	2.14469E7
6/25/2021	266.230011	267.25	264.76001	265.019989	263.485748	2.56111E7
6/28/2021	266.190002	268.899994	265.910004	268.720001	267.164337	1.959E7
6/29/2021	268.869995	271.649994	267.980011	271.399994	269.828796	1.99378E7
6/30/2021	270.690002	271.359985	269.600006	270.899994	269.331696	2.16565E7
7/1/2021	269.609985	271.839996	269.600006	271.600006	270.027649	1.67253E7
7/2/2021	272.820007	278.0	272.5	277.649994	276.042633	2.6458E7
7/6/2021	278.029999	279.369995	274.299988	277.660004	276.052582	3.15656E7
7/7/2021	279.399994	280.690002	277.149994	279.929993	278.309418	2.326E7
7/8/2021	276.899994	278.730011	274.869995	277.420013	275.813965	2.46186E7
7/9/2021	275.720001	278.049988	275.320007	277.940002	276.330963	2.39167E7
7/12/2021	279.160004	279.769989	276.579987	277.320007	275.714539	1.89317E7
7/13/2021	277.519989	282.850006	277.390015	280.980011	279.353363	2.61201E7
7/14/2021	282.350006	283.660004	280.549988	282.51001	280.874512	2.31137E7
7/15/2021	282.0	282.51001	279.829987	281.029999	279.403046	2.26042E7
7/16/2021	282.070007	284.100006	279.459991	280.75	279.124695	2.61868E7
7/19/2021	278.929993	280.369995	274.450012	277.01001	275.406372	3.29356E7



Bucket: 964
Microsoft (WKM)
7/20/2021	278.029999	280.970001	276.26001	279.320007	277.702972	2.62597E7
7/21/2021	278.899994	281.519989	277.290009	281.399994	279.770905	2.43643E7
7/22/2021	283.839996	286.420013	283.420013	286.140015	284.48349	2.33841E7
7/23/2021	287.369995	289.98999	286.5	289.670013	287.993042	2.27681E7
7/26/2021	289.0	289.690002	286.640015	289.049988	287.376617	2.31761E7
7/27/2021	289.429993	289.579987	282.950012	286.540009	284.881165	3.36041E7
7/28/2021	288.98999	290.149994	283.829987	286.220001	284.563019	3.35669E7
7/29/2021	286.23999	288.619995	286.079987	286.5	284.841431	1.81683E7
7/30/2021	285.170013	286.660004	283.910004	284.910004	283.26062	2.09409E7
8/2/2021	286.359985	286.769989	283.73999	284.820007	283.171143	1.62674E7
8/3/2021	285.420013	287.230011	284.0	287.119995	285.457825	1.7879E7
8/4/2021	286.220001	287.589996	284.649994	286.51001	284.851349	1.61913E7
8/5/2021	286.880005	289.630005	286.100006	289.519989	287.843903	1.39002E7
8/6/2021	288.51001	289.5	287.619995	289.459991	287.784271	1.65852E7
8/9/2021	289.75	291.549988	287.809998	288.329987	286.660767	1.61176E7
8/10/2021	288.799988	289.25	285.200012	286.440002	284.781738	1.86166E7
8/11/2021	287.209991	288.660004	285.859985	286.950012	285.288788	1.39559E7
8/12/2021	286.630005	289.970001	286.339996	289.809998	288.132263	1.45613E7
8/13/2021	289.480011	292.899994	289.299988	292.850006	291.154663	1.82314E7
8/16/2021	293.190002	294.820007	290.019989	294.600006	292.894501	2.25076E7
8/17/2021	292.390015	293.429993	291.079987	293.079987	291.38327	2.00753E7
8/18/2021	292.040009	294.820007	290.269989	290.730011	289.600281	2.1813E7
8/19/2021	288.690002	297.470001	288.640015	296.769989	295.61676	2.98505E7
8/20/2021	299.720001	305.839996	298.059998	304.359985	303.177277	4.07961E7
8/23/2021	303.25	305.399994	301.850006	304.649994	303.466187	2.28302E7
8/24/2021	305.019989	305.649994	302.0	302.619995	301.444061	1.81758E7
8/25/2021	304.299988	304.589996	300.420013	302.01001	300.836456	2.00061E7
8/26/2021	300.98999	302.429993	298.950012	299.089996	297.927795	1.76661E7
8/27/2021	298.98999	300.869995	296.829987	299.720001	298.555328	2.2597E7
8/30/2021	301.119995	304.220001	301.059998	303.589996	302.410278	1.63481E7
7/20/2021	278.029999	280.970001	276.26001	279.320007	277.702972	2.62597E7
7/21/2021	278.899994	281.519989	277.290009	281.399994	279.770905	2.43643E7
7/22/2021	283.839996	286.420013	283.420013	286.140015	284.48349	2.33841E7
7/23/2021	287.369995	289.98999	286.5	289.670013	287.993042	2.27681E7
7/26/2021	289.0	289.690002	286.640015	289.049988	287.376617	2.31761E7
7/27/2021	289.429993	289.579987	282.950012	286.540009	284.881165	3.36041E7
7/28/2021	288.98999	290.149994	283.829987	286.220001	284.563019	3.35669E7
7/29/2021	286.23999	288.619995	286.079987	286.5	284.841431	1.81683E7
7/30/2021	285.170013	286.660004	283.910004	284.910004	283.26062	2.09409E7
8/2/2021	286.359985	286.769989	283.73999	284.820007	283.171143	1.62674E7
8/3/2021	285.420013	287.230011	284.0	287.119995	285.457825	1.7879E7
8/4/2021	286.220001	287.589996	284.649994	286.51001	284.851349	1.61913E7
8/5/2021	286.880005	289.630005	286.100006	289.519989	287.843903	1.39002E7
8/6/2021	288.51001	289.5	287.619995	289.459991	287.784271	1.65852E7
8/9/2021	289.75	291.549988	287.809998	288.329987	286.660767	1.61176E7
8/10/2021	288.799988	289.25	285.200012	286.440002	284.781738	1.86166E7
8/11/2021	287.209991	288.660004	285.859985	286.950012	285.288788	1.39559E7
8/12/2021	286.630005	289.970001	286.339996	289.809998	288.132263	1.45613E7
8/13/2021	289.480011	292.899994	289.299988	292.850006	291.154663	1.82314E7
8/16/2021	293.190002	294.820007	290.019989	294.600006	292.894501	2.25076E7
8/17/2021	292.390015	293.429993	291.079987	293.079987	291.38327	2.00753E7
8/18/2021	292.040009	294.820007	290.269989	290.730011	289.600281	2.1813E7
8/19/2021	288.690002	297.470001	288.640015	296.769989	295.61676	2.98505E7
8/20/2021	299.720001	305.839996	298.059998	304.359985	303.177277	4.07961E7
8/23/2021	303.25	305.399994	301.850006	304.649994	303.466187	2.28302E7
8/24/2021	305.019989	305.649994	302.0	302.619995	301.444061	1.81758E7
8/25/2021	304.299988	304.589996	300.420013	302.01001	300.836	0.0



Bucket: 980
Microsoft (WKM)
8/31/2021	304.420013	304.5	301.5	301.880005	300.70697	2.62853E7
9/1/2021	302.869995	305.190002	301.48999	301.829987	300.657135	1.89838E7
9/2/2021	302.200012	303.359985	300.179993	301.149994	299.979767	1.62856E7
9/3/2021	300.98999	302.600006	300.26001	301.140015	299.969849	1.47479E7
9/7/2021	301.01001	301.089996	298.200012	300.179993	299.013519	1.71804E7
9/8/2021	299.779999	300.609985	297.470001	300.209991	299.043396	1.50468E7
9/9/2021	300.820007	302.140015	297.0	297.25	296.09494	1.9927E7
9/10/2021	298.420013	299.920013	295.380005	295.709991	294.560913	1.96194E7
9/13/2021	297.549988	298.540009	294.079987	296.98999	295.835938	2.36529E7
9/14/2021	299.559998	301.390015	298.100006	299.790009	298.625092	2.18534E7
9/15/2021	303.26001	305.320007	301.820007	304.820007	303.635529	2.83563E7
9/16/2021	303.76001	305.309998	300.76001	305.220001	304.033966	1.95508E7
9/17/2021	304.170013	304.5	299.529999	299.869995	298.704742	4.13725E7
9/20/2021	296.329987	298.720001	289.519989	294.299988	293.156372	3.82787E7
9/21/2021	295.690002	297.540009	294.070007	294.799988	293.654419	2.23641E7
9/22/2021	296.730011	300.220001	294.51001	298.579987	297.419739	2.66263E7
9/23/2021	298.850006	300.899994	297.529999	299.559998	298.395935	1.86046E7
9/24/2021	298.230011	299.799988	296.929993	299.350006	298.186768	1.4999E7
9/27/2021	296.140015	296.470001	292.940002	294.170013	293.026917	2.35717E7
9/28/2021	289.799988	290.779999	282.75	283.519989	282.418274	4.31862E7
9/29/2021	285.100006	286.769989	283.01001	284.0	282.896393	2.63537E7
9/30/2021	285.709991	287.829987	281.619995	281.920013	280.824524	3.23258E7
10/1/2021	282.119995	289.980011	281.290009	289.100006	287.976593	3.00863E7
10/4/2021	287.399994	287.75	280.25	283.109985	282.009857	3.13507E7
10/5/2021	284.049988	290.399994	284.049988	288.76001	287.637939	2.4993E7
10/6/2021	285.779999	293.630005	285.51001	293.109985	291.970978	2.80026E7
10/7/2021	295.179993	296.640015	293.920013	294.850006	293.704254	2.04305E7
10/8/2021	296.220001	296.640015	293.76001	294.850006	293.704254	1